- Jet Lab
- Date: 2021-11-16 18:41:36
- Step: 10 motor steps
1017
1024
1032
1030
1028
1034
1036
1038
1038
1032
1031
1027
1025
1030
1026
1021
1025
1024
1036
1028
1027
1031
1034
1030
1037
1036
1024
1032
1027
1039
1044
1035
1033
1031
1033
1464
3487
3589
3504
3620
3552
3488
3497
3532
3512
3452
3480
3524
3510
3476
3408
1280
1024
1026
1020
1034
1033
1039
1033
1030
1025
1024
1028
1026
1027
1020
1023
1022
1020
1019
1031
1025
1024
1023
1031
1029
1024
1033
1030
1036
1028
1033
1027
1030
1023
1025
1033
1031
1029
1032
1032
1028
1024
1034
1028
1032
1036
1029
1024
1022
