- Jet Lab
- Date: 2021-11-16 18:35:24
- Step: 0 motor steps
2228
2239
2236
2240
2242
2212
2212
2212
2204
2219
2198
2195
2202
2196
2203
2203
2203
2192
2210
2204
2208
2202
2188
2205
2208
2202
2196
2208
2204
2192
2201
2195
2191
2197
2185
2192
2185
2187
2193
2198
2198
2192
2178
2176
2179
2192
2184
2170
2180
2186
2168
2179
2175
2172
2161
2183
2181
2175
2176
2183
2182
2183
2188
2186
2184
2181
2182
2180
2169
2161
2179
2178
2183
2180
2181
2190
2191
2175
2163
2182
2183
2187
2178
2183
2179
2183
2183
2179
2185
2187
2184
2185
2184
2185
2191
2169
2186
2181
2182
2181
