- Jet Lab
- Date: 2021-11-16 18:43:39
- Step: 10 motor steps
1020
1036
1028
1028
1028
1038
1032
1032
1024
1029
1033
1035
1032
1035
1033
1028
1024
1034
1037
1020
1031
1027
1024
1027
1018
1034
1032
1025
1020
1030
1026
1055
1025
1017
1028
1086
1089
1107
1132
1400
1508
1740
2174
2260
2608
3078
3322
3424
3451
3550
3520
3490
3468
3424
3384
3353
3200
2920
2398
2030
1689
1453
1248
1109
1094
1044
1020
1033
1020
1024
1024
1022
1019
1028
1026
1030
1033
1028
1021
1027
1032
1031
1033
1027
1022
1025
1032
1027
1028
1028
1024
1025
1025
1029
1031
1025
1028
1035
1020
1031
