- Jet Lab
- Date: 2021-11-16 18:44:49
- Step: 10 motor steps
1026
1038
1035
1041
1032
1030
1031
1031
1028
1011
1024
1027
1028
1035
1040
1032
1033
1031
1034
1031
1036
1033
1042
1024
1030
1038
1035
1048
1022
1072
1119
1064
1090
1148
1107
1215
1266
1120
1503
1436
1270
1640
1932
2105
2249
2152
2360
2638
2708
2953
3116
3051
3090
2895
2888
2724
2572
2432
2041
1854
1862
1579
1302
1232
1232
1159
1145
1110
1069
1068
1038
1031
1026
1028
1029
1032
1029
1027
1026
1024
1024
1024
1034
1027
1028
1027
1028
1025
1032
1036
1024
1017
1024
1028
1023
1021
1021
1026
1026
1033
