- Jet Lab
- Date: 2021-11-16 18:45:58
- Step: 10 motor steps
1024
1038
1033
1040
1036
1035
1031
1038
1035
1024
1028
1028
1030
1036
1036
1035
1043
1044
1036
1025
1034
1027
1033
1030
1031
1044
1012
1025
1037
1048
1056
1129
1144
1096
1120
1069
1190
1156
1354
1272
1466
1375
1535
1489
1620
1564
1624
1774
1880
2092
2346
2230
2219
2472
2508
2493
2520
2300
2116
2166
2034
1900
1814
1608
1621
1518
1273
1389
1170
1201
1088
1114
1054
1168
1036
1018
1056
1018
1031
1026
1027
1020
1015
1033
1030
1024
1020
1020
1024
1029
1031
1034
1027
1027
1025
1024
1030
1024
1024
1028
