- Wave Lab
- Date: 2021-11-23 17:36:43
- Duration: 1000.00 s

2224
2227
2224
2226
2226
2227
2224
2228
2228
2227
2225
2227
2225
2228
2228
2229
2230
2228
2225
2228
2229
2225
2227
2225
2228
2225
2227
2225
2229
2228
2228
2226
2227
2227
2227
2225
2227
2227
2231
2227
2226
2225
2225
2230
2229
2228
2227
2222
2225
2230
2227
2222
2225
2228
2229
2229
2228
2229
2227
2227
2227
2225
2232
2225
2230
2223
2228
2226
2228
2223
2224
2227
2231
2230
2228
2230
2223
2232
2226
2224
2227
2226
2231
2227
2232
2229
2225
2228
2228
2224
2224
2227
2227
2226
2228
2224
2227
2227
2226
2228
2227
2226
2227
2225
2227
2230
2231
2231
2230
2228
2231
2230
2228
2228
2227
2224
2226
2225
2227
2224
2227
2224
2227
2228
2227
2225
2228
2228
2224
2232
2227
2227
2231
2232
2224
2224
2227
2228
2228
2225
2223
2228
2228
2232
2227
2222
2224
2224
2231
2224
2228
2223
2227
2225
2227
2231
2228
2225
2230
2224
2230
2227
2227
2229
2227
2227
2229
2222
2232
2227
2228
2231
2227
2228
2235
2228
2227
2224
2228
2228
2228
2226
2228
2226
2227
2225
2229
2231
2224
2227
2227
2224
2232
2227
2224
2227
2227
2228
2227
2224
2227
2228
2230
2227
2224
2228
2224
2228
2228
2227
2225
2226
2233
2220
2224
2230
2227
2229
2228
2226
2221
2224
2230
2227
2232
2227
2226
2224
2224
2230
2227
2228
2227
2228
2230
2230
2232
2224
2227
2225
2227
2226
2227
2228
2227
2227
2227
2225
2227
2228
2225
2225
2226
2230
2228
2226
2230
2231
2226
2226
2226
2225
2227
2225
2228
2227
2228
2224
2228
2227
2226
2227
2230
2224
2225
2226
2233
2228
2225
2230
2228
2233
2220
2228
2223
2220
2228
2224
2227
2228
2223
2228
2228
2225
2228
2224
2228
2228
2227
2224
2227
2225
2227
2230
2223
2223
2224
2224
2228
2228
2227
2224
2223
2227
2225
2227
2227
2225
2227
2227
2230
2227
2228
2227
2228
2228
2225
2226
2225
2227
2223
2227
2228
2232
2228
2224
2228
2223
2227
2230
2232
2230
2228
2231
2228
2227
2225
2228
2228
2227
2230
2227
2225
2222
2226
2230
2231
2218
2221
2227
2227
2226
2226
2224
2227
2229
2225
2228
2228
2225
2224
2223
2228
2230
2221
2221
2231
2229
2228
2227
2231
2220
2225
2224
2225
2217
2230
2229
2227
2225
2222
2228
2231
2228
2228
2228
2230
2230
2227
2226
2227
2227
2227
2225
2227
2226
2226
2228
2227
2227
2228
2228
2224
2225
2224
2225
2227
2230
2228
2225
2228
2224
2225
2224
2228
2223
2225
2226
2228
2227
2227
2225
2232
2232
2230
2224
2226
2225
2224
2232
2230
2227
2224
2227
2230
2225
2230
2223
2228
2228
2227
2228
2230
2227
2224
2227
2228
2228
2225
2225
2226
2228
2228
2222
2231
2227
2225
2227
2231
2230
2226
2224
2224
2224
2226
2224
2224
2227
2225
2226
2231
2226
2226
2227
2230
2231
2228
2224
2228
2226
2227
2227
2230
2228
2229
2230
2224
2226
2228
2225
2227
2227
2228
2227
2224
2227
2228
2227
2224
2230
2225
2227
2229
2228
2229
2222
2224
2230
2229
2232
2227
2222
2224
2225
2227
2225
2225
2227
2228
2230
2229
2224
2230
2232
2230
2226
2228
2230
2230
2224
2228
2230
2228
2228
2227
2227
2222
2228
2227
2229
2229
2224
2227
2227
2225
2225
2227
2226
2226
2229
2225
2227
2227
2230
2230
2226
2230
2228
2231
2228
2227
2227
2225
2230
2224
2230
2230
2230
2227
2226
2231
2227
2226
2229
2231
2224
2227
2227
2220
2227
2226
2228
2231
2225
2230
2225
2225
2225
2229
2227
2226
2224
2230
2225
2229
2232
2227
2224
2229
2224
2224
2230
2223
2227
2228
2227
2229
2228
2230
2227
2228
2224
2230
2227
2226
2224
2231
2229
2227
2227
2228
2225
2227
2224
2228
2225
2225
2230
2228
2225
2222
2228
2226
2233
2230
2230
2232
2230
2225
2225
2226
2232
2228
2225
2227
2227
2229
2227
2231
2224
2227
2232
2228
2231
2230
2227
2227
2230
2230
2233
2226
2228
2228
2225
2225
2228
2230
2227
2225
2228
2227
2228
2224
2224
2228
2225
2227
2227
2227
2232
2227
2224
2227
2231
2224
2230
2228
2224
2231
2225
2228
2230
2227
2227
2227
2225
2230
2227
2225
2227
2228
2227
2226
2227
2232
2228
2228
2224
2225
2228
2230
2225
2230
2227
2229
2226
2226
2228
2227
2229
2230
2224
2227
2227
2227
2224
2225
2228
2228
2232
2227
2227
2227
2219
2227
2225
2228
2227
2229
2230
2231
2224
2228
2228
2226
2225
2230
2227
2225
2223
2230
2225
2228
2228
2232
2227
2223
2227
2228
2227
2224
2227
2224
2227
2230
2225
2227
2227
2228
2224
2226
2224
2225
2227
2228
2228
2224
2227
2227
2228
2232
2224
2228
2224
2228
2225
2231
2227
2225
2225
2233
2229
2224
2226
2227
2230
2228
2225
2224
2225
2228
2224
2227
2227
2227
2227
2222
2227
2227
2228
2224
2226
2229
2222
2224
2230
2228
2226
2232
2227
2222
2226
2225
2226
2232
2229
2230
2227
2232
2229
2231
2224
2227
2230
2227
2223
2228
2227
2230
2232
2224
2230
2224
2229
2228
2229
2228
2228
2224
2225
2228
2228
2225
2226
2227
2227
2224
2227
2227
2225
2230
2227
2228
2227
2227
2227
2230
2229
2225
2228
2226
2228
2230
2225
2225
2225
2231
2234
2227
2225
2232
2227
2231
2229
2232
2225
2224
2223
2228
2224
2231
2233
2232
2227
2230
2225
2230
2227
2231
2227
2225
2227
2233
2232
2225
2230
2231
2225
2224
2229
2228
2224
2226
2225
2228
2228
2230
2228
2230
2227
2227
2227
2227
2227
2228
2229
2227
2227
2230
2229
2228
2224
2224
2224
2224
2225
2225
2232
2228
2228
2230
2232
2224
2224
2232
2226
2225
2224
2225
2222
2227
2228
2227
2231
2224
2220
2230
2227
2230
2230
2231
2225
2224
2225
2232
2232
2227
2224
2231
2227
2227
2227
2230
2228
2227
2224
2225
2228
2222
2232
2230
2224
2228
2226
2227
2229
2225
2227
2225
2228
