- Wave Lab
- Date: 2021-11-23 17:33:10
- Duration: 1000.00 s

1912
1907
1911
1911
1911
1912
1912
1910
1908
1902
1911
1911
1914
1912
1910
1912
1918
1907
1912
1921
1910
1913
1912
1916
1912
1910
1907
1908
1908
1907
1915
1913
1909
1910
1907
1907
1910
1910
1916
1909
1910
1908
1908
1908
1904
1911
1911
1913
1905
1908
1905
1912
1904
1915
1906
1908
1914
1910
1907
1909
1907
1911
1916
1910
1912
1908
1911
1911
1910
1911
1908
1913
1913
1912
1907
1912
1913
1907
1912
1913
1908
1912
1911
1912
1913
1911
1910
1915
1908
1912
1912
1911
1909
1910
1912
1912
1909
1913
1916
1913
1907
1912
1910
1907
1908
1913
1907
1916
1910
1907
1913
1910
1908
1907
1907
1907
1915
1913
1910
1912
1910
1910
1913
1910
1912
1913
1909
1912
1907
1910
1912
1906
1910
1912
1915
1909
1911
1912
1919
1912
1910
1911
1907
1916
1908
1907
1916
1914
1909
1911
1906
1916
1908
1912
1915
1908
1911
1909
1912
1910
1910
1907
1912
1910
1911
1909
1913
1909
1914
1910
1912
1913
1913
1912
1910
1910
1909
1910
1911
1912
1911
1911
1911
1915
1909
1910
1910
1911
1913
1913
1910
1911
1911
1908
1908
1911
1912
1911
1912
1911
1909
1905
1912
1913
1911
1912
1904
1905
1905
1913
1907
1912
1912
1911
1913
1912
1909
1912
1910
1911
1912
1912
1911
1907
1919
1912
1911
1912
1902
1912
1916
1907
1911
1912
1912
1907
1912
1912
1913
1914
1909
1912
1910
1907
1914
1912
1910
1911
1911
1911
1912
1912
1908
1915
1910
1909
1916
1911
1913
1916
1908
1908
1912
1910
1907
1912
1912
1908
1911
1913
1915
1910
1912
1909
1910
1913
1908
1913
1909
1912
1911
1908
1912
1909
1912
1913
1916
1905
1913
1914
1908
1907
1907
1912
1912
1912
1908
1913
1907
1908
1912
1907
1913
1913
1912
1908
1913
1914
1907
1912
1913
1910
1912
1916
1908
1915
1905
1908
1907
1908
1911
1908
1912
1910
1915
1906
1907
1911
1906
1914
1907
1912
1912
1909
1908
1910
1910
1907
1916
1912
1910
1912
1915
1908
1915
1910
1909
1908
1911
1911
1910
1909
1908
1910
1913
1908
1911
1912
1912
1912
1916
1910
1911
1910
1908
1909
1909
1907
1908
1910
1910
1911
1910
1915
1910
1911
1910
1906
1907
1905
1911
1913
1910
1912
1912
1920
1909
1911
1914
1910
1907
1910
1910
1908
1912
1915
1913
1913
1907
1907
1910
1915
1903
1913
1912
1910
1911
1906
1914
1911
1910
1911
1907
1906
1916
1912
1911
1915
1907
1911
1916
1911
1910
1907
1908
1908
1911
1909
1913
1913
1908
1911
1911
1910
1907
1910
1908
1908
1907
1911
1913
1911
1916
1915
1916
1910
1909
1913
1911
1907
1907
1912
1910
1912
1911
1910
1915
1907
1916
1907
1912
1912
1908
1907
1911
1907
1916
1913
1906
1912
1908
1913
1908
1911
1916
1907
1908
1912
1912
1916
1915
1909
1909
1912
1911
1915
1911
1913
1909
1907
1907
1911
1910
1910
1915
1909
1905
1911
1912
1916
1900
1909
1909
1908
1906
1903
1914
1912
1908
1910
1910
1911
1911
1909
1910
1912
1917
1909
1912
1913
1910
1911
1910
1912
1911
1911
1908
1912
1911
1912
1914
1912
1911
1911
1908
1919
1911
1913
1911
1911
1911
1908
1908
1912
1914
1911
1912
1912
1916
1910
1912
1907
1911
1912
1914
1909
1911
1915
1914
1910
1905
1911
1907
1912
1909
1912
1912
1910
1909
1911
1912
1907
1912
1905
1915
1911
1912
1914
1906
1907
1913
1913
1909
1911
1913
1910
1905
1911
1908
1904
1910
1914
1912
1911
1904
1915
1908
1913
1907
1907
1911
1908
1911
1908
1912
1914
1910
1909
1916
1910
1910
1913
1909
1913
1907
1908
1908
1915
1910
1912
1905
1912
1912
1912
1910
1918
1909
1907
1913
1913
1910
1913
1907
1907
1908
1912
1911
1913
1909
1908
1907
1908
1910
1908
1912
1907
1907
1912
1912
1907
1910
1916
1912
1907
1906
1913
1908
1915
1915
1911
1912
1912
1910
1911
1909
1914
1907
1908
1915
1919
1910
1918
1911
1906
1912
1913
1916
1918
1913
1911
1913
1913
1908
1911
1908
1907
1912
1911
1913
1911
1906
1912
1912
1910
1910
1912
1911
1908
1908
1912
1911
1911
1910
1909
1910
1914
1912
1912
1908
1910
1909
1907
1907
1911
1910
1910
1912
1911
1911
1912
1907
1911
1913
1918
1915
1911
1912
1912
1908
1910
1909
1913
1904
1902
1910
1905
1909
1909
1912
1909
1914
1910
1910
1912
1908
1912
1913
1905
1905
1912
1915
1913
1910
1910
1910
1912
1911
1908
1907
1911
1911
1903
1914
1905
1909
1914
1912
1913
1912
1910
1909
1914
1912
1904
1907
1910
1911
1911
1906
1912
1908
1911
1907
1908
1912
1911
1916
1912
1908
1912
1912
1916
1910
1905
1907
1912
1916
1913
1908
1909
1913
1909
1910
1905
1904
1911
1910
1916
1916
1912
1912
1908
1913
1916
1911
1908
1913
1907
1913
1913
1907
1910
1907
1905
1907
1908
1911
1913
1907
1909
1912
1913
1913
1915
1913
1916
1904
1912
1911
1914
1910
1907
1914
1909
1915
1918
1912
1911
1910
1911
1910
1913
1905
1910
1910
1914
1906
1907
1908
1915
1911
1916
1911
1915
1904
1912
1910
1910
1907
1910
1912
1908
1911
1910
1909
1912
1910
1908
1911
1908
1911
1908
1912
1913
1911
1912
1910
1912
1915
1908
1911
1908
1912
1909
1911
1911
1912
1909
1908
1911
1912
1910
1915
1912
1911
1912
1905
1913
1907
1912
1912
1905
1910
1912
1908
1908
1907
1912
1916
1912
1911
1912
1912
1911
1912
1907
1908
1908
1912
1918
1915
1910
1908
1913
1916
1916
1908
1907
1907
1912
1907
1906
1911
1913
1906
1903
1907
1912
1914
1908
1907
1913
1910
1909
1912
1915
1913
1913
1915
1908
1909
1910
1907
1912
1912
1908
1912
1911
1913
1907
1907
1910
1912
1913
1904
1911
1910
1912
1913
1912
1912
1912
1911
1912
1911
1912
1905
1911
1904
1908
1916
1912
1916
1911
1907
1910
1908
1909
1910
1904
