- Wave Lab
- Date: 2021-11-23 17:35:15
- Duration: 1000.00 s

2119
2114
2119
2117
2115
2115
2117
2123
2119
2114
2119
2115
2115
2119
2118
2119
2114
2115
2114
2114
2117
2119
2119
2115
2117
2117
2119
2116
2119
2119
2115
2118
2115
2119
2118
2117
2119
2116
2119
2119
2111
2115
2116
2118
2120
2115
2115
2114
2116
2113
2118
2119
2117
2113
2115
2120
2116
2117
2118
2118
2115
2119
2115
2114
2117
2115
2114
2118
2119
2116
2112
2119
2119
2115
2112
2119
2116
2119
2115
2118
2119
2118
2119
2116
2120
2116
2112
2118
2115
2115
2119
2119
2114
2118
2111
2113
2115
2113
2112
2122
2115
2124
2115
2118
2113
2119
2116
2115
2118
2116
2108
2113
2115
2113
2119
2118
2119
2119
2123
2111
2117
2120
2121
2120
2119
2115
2115
2119
2120
2112
2116
2121
2116
2111
2113
2115
2120
2120
2113
2115
2121
2112
2116
2118
2119
2117
2115
2115
2116
2116
2116
2116
2118
2118
2113
2115
2118
2114
2115
2119
2116
2119
2113
2121
2118
2117
2116
2117
2116
2115
2116
2118
2116
2113
2117
2115
2115
2115
2118
2115
2117
2115
2117
2122
2119
2119
2116
2115
2115
2111
2117
2116
2113
2119
2115
2118
2110
2113
2115
2119
2119
2120
2112
2113
2112
2115
2115
2118
2116
2115
2113
2119
2115
2122
2113
2114
2120
2121
2119
2120
2116
2120
2113
2117
2119
2115
2120
2113
2116
2115
2115
2113
2115
2116
2119
2115
2118
2114
2113
2117
2117
2120
2116
2113
2119
2116
2115
2116
2120
2118
2113
2112
2113
2115
2116
2112
2121
2118
2118
2122
2118
2116
2111
2111
2115
2110
2113
2116
2116
2119
2115
2119
2119
2114
2119
2115
2115
2111
2116
2116
2111
2109
2117
2114
2120
2113
2113
2117
2116
2113
2114
2120
2115
2116
2116
2116
2113
2113
2120
2112
2112
2113
2112
2112
2116
2118
2116
2116
2115
2115
2118
2115
2113
2116
2115
2115
2119
2116
2115
2113
2117
2116
2115
2115
2114
2112
2115
2118
2119
2115
2118
2116
2115
2120
2116
2115
2111
2116
2116
2113
2115
2115
2118
2116
2119
2121
2116
2113
2115
2117
2117
2116
2113
2118
2116
2115
2112
2107
2117
2123
2115
2111
2118
2121
2112
2112
2118
2119
2118
2115
2116
2113
2115
2115
2120
2115
2119
2116
2117
2119
2108
2119
2118
2118
2117
2115
2121
2118
2115
2116
2119
2114
2115
2113
2118
2116
2118
2116
2116
2115
2122
2118
2118
2115
2116
2115
2113
2116
2116
2129
2117
2115
2115
2117
2119
2117
2118
2113
2116
2113
2114
2112
2114
2112
2116
2115
2115
2112
2111
2112
2119
2115
2115
2113
2116
2119
2118
2111
2116
2120
2116
2113
2119
2113
2111
2119
2117
2115
2115
2111
2110
2110
2120
2115
2120
2114
2115
2116
2113
2115
2116
2119
2121
2115
2115
2116
2111
2117
2113
2118
2116
2120
2118
2119
2115
2113
2117
2117
2115
2115
2119
2116
2113
2115
2116
2116
2115
2116
2115
2112
2114
2115
2116
2115
2118
2112
2118
2115
2117
2115
2119
2115
2119
2116
2118
2121
2117
2112
2118
2116
2119
2118
2118
2115
2116
2119
2118
2113
2114
2110
2117
2117
2116
2118
2115
2115
2115
2112
2116
2115
2119
2116
2117
2116
2111
2116
2111
2120
2113
2119
2115
2115
2118
2112
2115
2115
2115
2112
2120
2113
2110
2113
2113
2118
2116
2115
2116
2111
2118
2117
2114
2117
2112
2121
2113
2116
2120
2116
2115
2116
2117
2119
2119
2113
2114
2112
2112
2110
2112
2117
2111
2115
2115
2121
2117
2120
2116
2118
2115
2117
2112
2116
2113
2115
2111
2111
2118
2112
2120
2115
2115
2113
2114
2116
2112
2119
2120
2114
2117
2115
2118
2111
2116
2111
2114
2117
2118
2119
2112
2119
2115
2114
2118
2111
2118
2118
2118
2116
2115
2119
2120
2112
2115
2115
2115
2115
2115
2115
2114
2116
2118
2115
2115
2113
2115
2116
2117
2118
2117
2112
2115
2115
2114
2111
2115
2113
2118
2115
2114
2119
2111
2115
2113
2113
2112
2112
2118
2119
2112
2113
2113
2119
2113
2114
2115
2119
2115
2113
2112
2118
2119
2111
2116
2109
2119
2117
2113
2119
2119
2115
2116
2116
2115
2116
2119
2115
2112
2117
2111
2116
2115
2118
2113
2119
2116
2115
2118
2115
2113
2117
2118
2117
2116
2116
2116
2114
2121
2120
2113
2115
2115
2118
2118
2116
2121
2116
2116
2115
2117
2114
2116
2116
2110
2112
2119
2116
2115
2113
2119
2113
2107
2113
2116
2119
2116
2119
2115
2117
2116
2118
2116
2119
2119
2114
2116
2111
2113
2115
2119
2119
2115
2119
2113
2116
2116
2111
2113
2112
2119
2115
2121
2113
2117
2115
2113
2115
2115
2115
2115
2115
2115
2114
2108
2114
2114
2118
2117
2118
2116
2115
2118
2121
2116
2116
2121
2119
2113
2113
2116
2115
2116
2113
2115
2116
2119
2117
2119
2118
2116
2116
2108
2113
2117
2112
2119
2122
2116
2120
2114
2112
2114
2111
2115
2117
2114
2119
2113
2112
2115
2113
2119
2111
2112
2118
2116
2107
2119
2114
2115
2118
2119
2113
2121
2115
2117
2113
2119
2120
2112
2110
2115
2115
2115
2114
2116
2116
2114
2118
2115
2115
2113
2113
2117
2112
2112
2115
2112
2115
2113
2116
2120
2119
2115
2115
2114
2113
2119
2113
2114
2113
2116
2119
2112
2115
2113
2115
2109
2118
2116
2116
2118
2119
2114
2116
2114
2116
2110
2120
2120
2115
2112
2115
2110
2112
2112
2112
2116
2113
2115
2116
2115
2115
2113
2113
2118
2114
2113
2117
2118
2117
2114
2115
2118
2118
2114
2116
2115
2114
2116
2115
2116
2116
2120
2118
2116
2115
2113
2116
2115
2116
2115
2115
2115
2113
2113
2116
2115
2118
2115
2119
2116
2116
2116
2115
2115
2120
2111
2115
2118
2111
2115
2117
2115
2110
2111
2113
2112
2119
2119
2111
2111
2118
2113
2118
2115
2118
2113
2118
2112
2118
2116
2116
2112
2117
2119
2113
2115
2115
2113
2116
2115
2110
2119
2115
2115
2115
2115
2119
2112
2116
