- Jet Lab
- Date: 2021-11-16 18:40:04
- Step: 10 motor steps
1030
1031
1036
1032
1027
1030
1023
1031
1029
1038
1034
1040
1040
1040
1031
1029
1025
1032
1029
1036
1036
1031
1026
1032
1032
1030
1031
1038
1030
1040
1034
1032
1007
1030
1031
1028
1030
1029
1028
1027
1028
1030
1032
1037
1041
1036
1034
1035
2367
3456
3484
3552
3499
3506
3470
3535
3547
3568
3596
3504
3545
3552
3475
3324
1489
1013
1033
1042
1035
1039
1036
1032
1036
1034
1032
1034
1032
1032
1039
1035
1036
1032
1033
1032
1032
1034
1034
1032
1024
1032
1034
1038
1033
1031
1036
1032
1031
1024
1030
1030
