7
19
27
38
45
54
63
70
75
83
89
95
103
107
111
119
125
127
135
139
140
1
11
19
31
39
47
55
63
71
79
85
91
95
103
110
112
0
5
15
23
31
43
51
59
63
64
0
0
7
15
27
35
45
53
61
69
75
83
87
95
103
107
114
119
125
127
135
139
143
147
151
155
159
163
167
170
173
175
179
182
184
187
189
191
195
197
199
201
202
205
207
208
210
212
214
215
216
218
219
221
222
223
223
225
227
227
228
229
228
230
231
231
233
234
234
235
236
236
236
238
238
238
238
239
239
241
241
241
242
242
242
243
243
243
243
243
244
245
244
245
245
246
228
210
196
180
168
154
144
132
122
112
104
96
88
82
76
72
66
60
56
52
48
44
40
38
36
33
30
28
26
24
22
21
19
18
17
15
14
13
12
12
10
10
9
9
8
8
7
7
6
5
5
5
4
4
4
3
4
4
3
2
3
2
2
2
2
2
2
2
2
2
1