- Wave Lab
- Date: 2021-11-30 17:46:16
- Duration: 158.00 s

1273
1275
1276
1273
1273
1273
1275
1275
1273
1274
1275
1273
1273
1275
1273
1274
1274
1275
1274
1275
1273
1275
1276
1276
1276
1275
1275
1276
1275
1276
1276
1276
1275
1276
1275
1276
1274
1275
1273
1274
1273
1274
1273
1274
1275
1273
1275
1273
1273
1275
1273
1275
1273
1272
1271
1271
1274
1272
1273
1272
1272
1273
1272
1273
1272
1275
1273
1273
1273
1274
1276
1274
1273
1273
1272
1274
1275
1274
1276
1275
1276
1276
1274
1275
1274
1275
1275
1273
1275
1272
1272
1272
1273
1272
1274
1272
1273
1272
1273
1273
1273
1272
1272
1273
1272
1272
1275
1273
1274
1273
1272
1272
1272
1273
1274
1273
1272
1273
1272
1273
1274
1272
1272
1273
1272
1273
1272
1273
1272
1273
1272
1273
1272
1273
1273
1272
1273
1272
1274
1272
1273
1272
1273
1273
1273
1275
1273
1272
1273
1273
1272
1273
1273
1274
1274
1272
1273
1274
