- Wave Lab
- Date: 2021-11-30 17:47:06
- Duration: 144.00 s

1685
1684
1687
1685
1688
1685
1687
1684
1688
1686
1686
1686
1687
1687
1686
1684
1687
1687
1686
1686
1687
1684
1688
1686
1686
1684
1686
1683
1685
1686
1684
1685
1687
1684
1686
1684
1685
1684
1684
1682
1683
1684
1681
1683
1681
1683
1681
1683
1683
1685
1683
1686
1687
1686
1686
1685
1685
1687
1684
1684
1685
1687
1687
1684
1684
1686
1684
1684
1686
1687
1686
1683
1685
1685
1685
1685
1684
1683
1684
1683
1683
1684
1682
1683
1685
1683
1683
1684
1683
1684
1684
1683
1684
1683
1683
1684
1683
1683
1684
1683
1683
1685
1683
1683
1684
1683
1684
1684
1684
1685
1683
1683
1684
1683
1684
1683
1683
1685
1684
1683
1684
1686
1683
1684
1686
1683
1685
1683
1684
1683
1684
1684
1684
1684
1683
1684
1684
1683
1685
1683
1684
1686
1684
1683
