- Wave Lab
- Date: 2021-11-30 17:44:54
- Duration: 158.00 s

488
488
488
487
487
488
488
488
488
487
487
488
488
487
488
488
487
488
488
488
488
487
488
488
487
488
487
488
488
487
487
488
488
487
487
488
487
487
488
488
488
487
487
488
488
488
488
488
488
488
488
488
488
488
488
488
489
488
487
488
488
487
488
487
488
487
487
486
487
488
487
487
486
487
487
487
487
487
487
487
488
487
488
487
487
488
487
487
487
488
488
487
487
487
488
488
487
487
487
487
487
488
487
487
487
487
487
486
487
487
487
487
487
487
487
487
487
487
487
487
487
487
487
487
487
487
487
487
487
487
488
487
488
487
488
488
488
487
487
488
487
488
488
487
487
487
487
487
487
487
487
487
487
487
487
487
487
487
