- Wave Lab
- Date: 2021-11-30 17:45:54
- Duration: 143.00 s

905
907
907
905
906
905
907
905
906
905
906
905
906
906
905
907
905
907
905
906
905
906
905
906
905
907
906
905
905
906
905
906
905
906
905
906
904
904
904
903
904
903
904
905
903
905
904
904
904
905
905
907
906
906
905
906
905
906
905
906
905
906
905
906
905
905
905
905
904
905
904
905
906
905
905
905
906
904
906
905
905
905
906
906
905
906
906
906
907
906
906
906
906
904
905
905
906
905
905
904
907
904
905
904
906
905
905
904
904
905
905
905
905
905
904
904
906
904
906
904
905
904
904
904
904
904
905
904
905
904
905
905
905
905
905
905
905
905
905
905
906
905
905
