- Wave Lab
- Date: 2021-11-23 17:28:30
- Duration: 1000.00 s

1152
1144
1148
1140
1147
1151
1144
1151
1144
1141
1148
1148
1150
1152
1149
1148
1147
1149
1145
1149
1146
1146
1149
1150
1145
1148
1147
1145
1145
1145
1141
1156
1151
1150
1145
1147
1140
1152
1147
1148
1152
1140
1142
1149
1147
1142
1151
1146
1150
1142
1150
1149
1156
1141
1151
1149
1151
1141
1144
1144
1155
1146
1144
1145
1153
1151
1144
1144
1152
1150
1151
1151
1146
1143
1144
1142
1148
1149
1150
1151
1147
1153
1152
1151
1147
1151
1147
1147
1146
1148
1140
1148
1147
1146
1150
1148
1148
1145
1147
1148
1148
1147
1145
1152
1144
1148
1150
1152
1142
1145
1148
1146
1140
1153
1148
1148
1152
1144
1155
1147
1147
1155
1145
1151
1149
1152
1145
1150
1144
1148
1148
1152
1144
1141
1149
1148
1148
1147
1145
1145
1144
1144
1148
1137
1141
1149
1139
1145
1147
1146
1147
1136
1150
1148
1150
1148
1145
1146
1152
1143
1149
1144
1145
1150
1147
1152
1144
1142
1152
1146
1146
1145
1142
1144
1148
1150
1147
1150
1150
1146
1144
1141
1150
1139
1152
1155
1148
1146
1147
1148
1148
1147
1145
1148
1144
1143
1153
1146
1152
1143
1153
1142
1148
1144
1151
1153
1141
1147
1150
1144
1143
1150
1153
1145
1146
1151
1146
1144
1148
1137
1144
1147
1149
1150
1148
1144
1147
1141
1141
1148
1144
1147
1146
1152
1152
1149
1148
1148
1147
1147
1150
1150
1145
1147
1144
1155
1152
1145
1149
1142
1144
1147
1139
1150
1145
1154
1140
1148
1151
1148
1144
1147
1151
1149
1148
1150
1148
1155
1144
1154
1144
1148
1144
1148
1147
1144
1149
1148
1142
1148
1148
1148
1148
1145
1146
1152
1146
1142
1152
1150
1155
1151
1148
1152
1148
1148
1145
1145
1150
1147
1144
1144
1145
1145
1144
1148
1144
1152
1144
1148
1149
1148
1146
1142
1155
1148
1150
1146
1149
1148
1144
1151
1144
1151
1151
1153
1141
1148
1151
1155
1143
1148
1146
1147
1144
1143
1145
1155
1146
1151
1142
1151
1148
1145
1145
1143
1146
1147
1144
1144
1149
1145
1147
1145
1146
1148
1148
1151
1147
1150
1144
1150
1150
1145
1145
1144
1148
1150
1145
1153
1151
1142
1145
1151
1144
1151
1145
1144
1147
1151
1148
1146
1144
1146
1148
1147
1143
1148
1144
1144
1146
1144
1139
1149
1144
1147
1145
1147
1148
1152
1144
1143
1151
1143
1147
1147
1148
1148
1151
1144
1145
1145
1146
1149
1153
1151
1149
1147
1153
1147
1148
1153
1139
1147
1151
1151
1147
1144
1150
1149
1152
1145
1144
1145
1148
1144
1153
1144
1148
1148
1147
1144
1139
1144
1146
1143
1154
1150
1142
1151
1147
1148
1147
1151
1150
1153
1144
1147
1142
1149
1148
1145
1148
1140
1145
1149
1144
1150
1146
1145
1148
1148
1145
1141
1147
1147
1147
1148
1147
1147
1144
1144
1146
1147
1148
1152
1148
1143
1148
1146
1147
1145
1151
1147
1148
1148
1152
1140
1151
1143
1144
1147
1149
1152
1154
1148
1144
1144
1145
1142
1143
1144
1148
1143
1146
1150
1148
1149
1144
1155
1145
1139
1145
1149
1154
1142
1148
1147
1149
1144
1148
1147
1140
1143
1145
1147
1148
1148
1146
1148
1148
1148
1148
1144
1141
1147
1149
1145
1152
1150
1150
1152
1148
1146
1150
1143
1149
1147
1142
1150
1147
1142
1150
1149
1148
1145
1153
1148
1151
1140
1148
1153
1147
1145
1144
1146
1143
1150
1140
1143
1144
1152
1151
1153
1143
1148
1144
1152
1141
1143
1147
1150
1148
1153
1143
1146
1145
1149
1152
1148
1151
1151
1152
1141
1150
1146
1148
1147
1148
1147
1146
1148
1149
1147
1148
1151
1150
1145
1148
1148
1146
1145
1146
1148
1151
1145
1151
1150
1144
1152
1144
1141
1147
1149
1146
1144
1147
1141
1149
1148
1148
1156
1144
1143
1139
1141
1148
1144
1137
1147
1151
1148
1144
1146
1151
1148
1142
1140
1145
1142
1147
1139
1142
1150
1147
1150
1146
1144
1140
1144
1149
1151
1140
1148
1147
1147
1144
1147
1139
1145
1151
1149
1150
1145
1151
1143
1147
1143
1148
1151
1153
1147
1152
1145
1151
1148
1146
1148
1150
1145
1148
1148
1148
1147
1145
1151
1148
1144
1144
1148
1144
1151
1155
1147
1143
1148
1143
1145
1153
1142
1150
1147
1144
1147
1153
1149
1143
1152
1152
1152
1150
1144
1144
1147
1150
1147
1148
1145
1145
1146
1148
1148
1143
1149
1143
1153
1148
1147
1147
1145
1148
1145
1145
1143
1154
1144
1147
1147
1150
1153
1152
1143
1149
1144
1148
1150
1142
1140
1154
1145
1144
1155
1146
1148
1147
1150
1153
1145
1148
1148
1148
1149
1145
1148
1146
1148
1145
1155
1149
1145
1143
1148
1144
1153
1151
1148
1148
1148
1145
1148
1143
1147
1148
1144
1144
1143
1144
1147
1144
1150
1151
1144
1145
1143
1150
1143
1147
1145
1157
1145
1148
1146
1144
1154
1148
1152
1150
1141
1145
1152
1147
1152
1148
1144
1148
1147
1148
1148
1148
1147
1149
1155
1147
1146
1148
1144
1151
1145
1144
1153
1147
1142
1143
1151
1144
1151
1147
1139
1150
1155
1145
1144
1142
1146
1144
1150
1148
1147
1148
1148
1145
1144
1146
1148
1143
1144
1152
1147
1150
1149
1150
1147
1144
1146
1145
1143
1148
1146
1148
1147
1144
1148
1145
1147
1146
1147
1136
1147
1148
1144
1155
1144
1144
1146
1147
1145
1148
1148
1148
1145
1143
1147
1147
1143
1149
1148
1143
1150
1144
1149
1141
1148
1149
1150
1148
1152
1147
1143
1153
1152
1144
1152
1148
1147
1141
1148
1144
1144
1148
1153
1144
1151
1148
1149
1143
1145
1143
1148
1148
1147
1151
1152
1145
1151
1146
1145
1149
1142
1151
1148
1149
1140
1147
1142
1151
1144
1144
1144
1153
1150
1151
1143
1155
1151
1139
1148
1152
1136
1144
1148
1150
1143
1144
1145
1148
1150
1155
1151
1151
1142
1149
1152
1156
1147
1141
1150
1149
1147
1148
1145
