- Wave Lab
- Date: 2021-11-23 17:31:13
- Duration: 1000.00 s

1559
1559
1561
1556
1556
1555
1557
1555
1560
1555
1556
1557
1557
1558
1554
1559
1556
1557
1560
1556
1553
1558
1555
1558
1558
1558
1561
1555
1550
1555
1555
1555
1556
1555
1557
1561
1552
1557
1556
1555
1558
1554
1552
1558
1558
1553
1559
1560
1557
1556
1555
1552
1559
1561
1561
1556
1558
1560
1556
1555
1556
1555
1551
1556
1556
1564
1555
1556
1561
1555
1555
1558
1560
1552
1559
1555
1561
1555
1559
1561
1570
1556
1553
1556
1558
1558
1560
1559
1561
1553
1558
1553
1556
1559
1555
1559
1558
1558
1558
1557
1555
1560
1559
1558
1553
1558
1556
1557
1555
1555
1559
1556
1555
1560
1553
1555
1558
1561
1555
1555
1558
1561
1561
1563
1561
1556
1560
1564
1554
1559
1554
1557
1558
1558
1555
1555
1553
1556
1558
1553
1558
1558
1557
1560
1559
1556
1556
1545
1553
1555
1558
1555
1559
1555
1559
1555
1558
1551
1553
1557
1556
1555
1567
1552
1557
1558
1553
1551
1553
1551
1559
1559
1556
1552
1555
1556
1555
1555
1559
1562
1555
1559
1557
1555
1554
1563
1560
1555
1556
1555
1554
1557
1555
1554
1558
1555
1555
1555
1555
1559
1560
1558
1559
1555
1557
1552
1558
1557
1553
1556
1552
1554
1555
1555
1556
1555
1562
1558
1558
1555
1551
1551
1558
1559
1555
1558
1557
1548
1552
1558
1564
1563
1558
1553
1559
1547
1559
1555
1551
1552
1559
1553
1554
1563
1557
1557
1553
1555
1555
1558
1558
1558
1559
1553
1556
1551
1556
1547
1551
1551
1555
1556
1555
1554
1552
1553
1554
1560
1551
1552
1555
1556
1555
1556
1553
1559
1555
1547
1551
1553
1555
1555
1556
1555
1548
1552
1552
1558
1551
1556
1554
1559
1560
1558
1555
1552
1558
1556
1558
1556
1555
1558
1549
1560
1551
1549
1545
1552
1553
1560
1559
1558
1554
1558
1553
1550
1563
1555
1556
1560
1548
1557
1550
1553
1555
1557
1553
1558
1552
1552
1553
1555
1550
1555
1551
1554
1556
1555
1551
1556
1556
1555
1553
1552
1557
1553
1553
1553
1555
1553
1555
1558
1558
1553
1557
1553
1553
1555
1551
1553
1550
1560
1553
1556
1551
1552
1558
1553
1564
1555
1554
1548
1557
1551
1555
1559
1558
1553
1556
1553
1549
1555
1557
1548
1553
1553
1557
1560
1548
1559
1554
1558
1558
1556
1555
1557
1557
1553
1556
1556
1551
1552
1559
1557
1551
1552
1560
1559
1553
1555
1555
1555
1552
1553
1555
1551
1556
1549
1552
1554
1552
1555
1552
1557
1559
1552
1559
1551
1556
1557
1559
1553
1555
1557
1553
1551
1559
1559
1557
1552
1555
1555
1551
1554
1548
1557
1554
1555
1551
1552
1551
1557
1556
1561
1561
1549
1560
1556
1551
1550
1552
1548
1552
1555
1550
1559
1552
1557
1551
1558
1552
1556
1547
1545
1550
1551
1556
1560
1555
1555
1553
1548
1556
1555
1554
1558
1558
1552
1552
1551
1555
1555
1554
1554
1554
1551
1556
1555
1553
1550
1552
1555
1552
1551
1555
1550
1553
1552
1556
1557
1551
1552
1553
1553
1555
1552
1552
1559
1555
1549
1552
1555
1548
1555
1551
1557
1548
1552
1548
1553
1555
1551
1553
1554
1559
1558
1548
1553
1552
1547
1556
1559
1549
1559
1554
1553
1556
1548
1556
1556
1550
1555
1552
1555
1551
1551
1551
1551
1557
1556
1555
1556
1555
1556
1554
1552
1558
1551
1552
1555
1551
1551
1555
1551
1556
1553
1551
1556
1556
1551
1551
1551
1551
1560
1559
1560
1554
1548
1558
1554
1555
1558
1557
1556
1559
1557
1555
1548
1551
1553
1545
1555
1552
1552
1558
1548
1556
1551
1550
1556
1559
1544
1551
1558
1555
1554
1555
1554
1553
1543
1553
1551
1549
1556
1555
1555
1558
1551
1555
1555
1551
1554
1553
1550
1547
1549
1555
1556
1551
1562
1551
1555
1553
1553
1551
1550
1553
1551
1552
1552
1554
1553
1555
1551
1554
1553
1556
1554
1555
1551
1552
1555
1549
1556
1555
1556
1551
1553
1554
1550
1551
1552
1545
1549
1548
1551
1549
1549
1553
1553
1559
1547
1554
1551
1552
1550
1553
1548
1559
1555
1552
1548
1551
1551
1555
1553
1556
1556
1553
1554
1551
1548
1553
1550
1548
1558
1548
1554
1553
1555
1551
1554
1552
1549
1553
1545
1551
1556
1555
1551
1551
1555
1555
1553
1551
1552
1554
1554
1551
1552
1549
1552
1551
1552
1558
1550
1545
1549
1555
1550
1549
1548
1551
1555
1553
1553
1556
1552
1553
1553
1555
1558
1551
1546
1551
1553
1552
1551
1552
1555
1554
1554
1552
1550
1550
1549
1549
1547
1552
1551
1547
1555
1551
1551
1551
1551
1553
1550
1550
1556
1552
1552
1555
1555
1553
1556
1547
1554
1552
1558
1551
1547
1543
1551
1549
1556
1554
1551
1557
1551
1551
1551
1552
1555
1551
1555
1554
1555
1548
1550
1556
1549
1550
1552
1554
1555
1551
1551
1551
1552
1548
1553
1553
1555
1555
1550
1555
1553
1553
1550
1554
1551
1551
1550
1558
1551
1558
1547
1548
1553
1551
1555
1550
1555
1559
1559
1553
1548
1558
1545
1550
1558
1559
1551
1545
1556
1559
1547
1555
1548
1547
1559
1549
1547
1551
1557
1548
1548
1556
1547
1551
1545
1551
1553
1550
1551
1554
1553
1551
1553
1549
1556
1553
1552
1548
1555
1553
1551
1555
1552
1554
1551
1549
1554
1554
1551
1552
1551
1551
1551
1550
1551
1553
1551
1548
1551
1550
1555
1553
1552
1555
1547
1556
1549
1548
1549
1548
1551
1551
1550
1555
1551
1555
1547
1549
1551
1555
1551
1551
1549
1555
1550
1555
1551
1551
1551
1551
1548
1550
1550
1551
1547
1551
1558
1553
1551
1551
1559
1552
1551
1550
1554
1558
1548
1553
1547
1551
1550
1551
1552
1552
1551
1553
1551
1553
1552
1558
1554
1553
1548
1548
1553
1551
1549
1554
1550
1548
1549
1550
1548
1550
1548
1555
1548
1550
1550
1550
1547
1556
1552
1555
1552
1550
1560
1559
1547
1555
1553
1550
1555
